 1.0e+01 3.23e-01 2.05e-15 6.54e+00 8.09e-01 1.57e+01
 1.5e+01 3.97e-01 1.91e-15 6.67e+00 1.02e+00 1.57e+01
 2.0e+01 4.55e-01 2.00e-15 6.84e+00 1.22e+00 1.57e+01
 2.5e+01 5.03e-01 1.76e-15 7.02e+00 1.40e+00 1.57e+01
 3.0e+01 5.45e-01 1.82e-15 7.19e+00 1.58e+00 1.57e+01
 3.5e+01 5.81e-01 1.67e-15 7.36e+00 1.74e+00 1.57e+01
 5.0e+00 2.17e-01 2.63e-15 6.82e+00 6.17e-01 1.57e+01
 
 1.0e+01 3.23e-01 1.48e-14 6.54e+00 6.67e-01 1.14e+01
 1.5e+01 3.97e-01 1.35e-14 6.67e+00 9.21e-01 1.30e+01
 2.0e+01 4.55e-01 1.32e-14 6.84e+00 1.15e+00 1.41e+01
 2.5e+01 5.03e-01 1.38e-14 7.02e+00 1.35e+00 1.49e+01
 3.0e+01 5.45e-01 1.32e-14 7.19e+00 1.53e+00 1.56e+01
 3.5e+01 5.81e-01 1.25e-14 7.36e+00 1.70e+00 1.62e+01
 5.0e+00 2.17e-01 1.73e-14 6.82e+00 3.72e-01 8.09e+00

 face_sigma_DG: L2(u) L2(div(u)) H1-semi(u) L2(p) H1-semi(p)
 
  ['BDM1', 'RT1']

