 1.0e+01 3.23e-01 2.05e-15 6.54e+00 8.09e-01 1.57e+01
 1.0e+02 8.60e-01 1.02e-15 8.94e+00 3.16e+00 1.57e+01
 2.0e+01 4.55e-01 2.00e-15 6.84e+00 1.22e+00 1.57e+01
 3.0e+01 5.45e-01 1.82e-15 7.19e+00 1.58e+00 1.57e+01
 4.0e+01 6.14e-01 1.43e-15 7.52e+00 1.89e+00 1.57e+01
 5.0e+01 6.71e-01 1.29e-15 7.81e+00 2.16e+00 1.57e+01
 6.0e+01 7.20e-01 1.27e-15 8.08e+00 2.40e+00 1.57e+01
 7.0e+01 7.62e-01 1.13e-15 8.33e+00 2.62e+00 1.57e+01
 8.0e+01 7.98e-01 9.83e-16 8.55e+00 2.81e+00 1.57e+01
 9.0e+01 8.31e-01 9.86e-16 8.75e+00 2.99e+00 1.57e+01
 
 1.0e+01 3.23e-01 1.48e-14 6.54e+00 6.67e-01 1.14e+01
 1.0e+02 8.60e-01 8.13e-15 8.94e+00 3.16e+00 2.22e+01
 2.0e+01 4.55e-01 1.32e-14 6.84e+00 1.15e+00 1.41e+01
 3.0e+01 5.45e-01 1.32e-14 7.19e+00 1.53e+00 1.56e+01
 4.0e+01 6.14e-01 1.26e-14 7.52e+00 1.86e+00 1.68e+01
 5.0e+01 6.71e-01 1.15e-14 7.81e+00 2.14e+00 1.79e+01
 6.0e+01 7.20e-01 9.96e-15 8.08e+00 2.39e+00 1.88e+01
 7.0e+01 7.62e-01 9.87e-15 8.33e+00 2.61e+00 1.98e+01
 8.0e+01 7.98e-01 8.71e-15 8.55e+00 2.81e+00 2.06e+01
 9.0e+01 8.31e-01 8.24e-15 8.75e+00 2.99e+00 2.14e+01

 face_sigma_DG: L2(u) L2(div(u)) H1-semi(u) L2(p) H1-semi(p)
 
  ['BDM1', 'RT1']

