 1.00e+00 1.0e+01 6.96e-01 2.45e-15 1.26e+01 1.58e+00 1.55e+01
 1.00e+00 1.0e+02 4.08e-01 9.21e-15 4.77e+00 2.82e+00 1.57e+01
 1.00e+00 2.0e+01 1.25e+00 6.44e-16 1.41e+01 1.69e+00 1.75e+01
 1.00e+00 3.0e+01 9.25e-01 2.04e-15 1.09e+01 1.41e+00 1.56e+01
 1.00e+00 4.0e+01 5.67e-01 4.03e-15 7.16e+00 1.70e+00 1.57e+01
 1.00e+00 5.0e+01 1.19e+00 7.42e-16 1.26e+01 1.78e+00 1.55e+01
 1.00e+00 6.0e+01 1.23e+00 6.66e-16 1.28e+01 1.80e+00 1.55e+01
 1.00e+00 7.0e+01 7.11e-01 3.36e-15 7.96e+00 2.38e+00 1.57e+01
 1.00e+00 8.0e+01 1.16e+00 1.25e-15 1.18e+01 1.90e+00 1.56e+01
 1.00e+00 9.0e+01 7.80e-01 4.33e-15 8.38e+00 2.73e+00 1.57e+01
 1.00e+00 1.0e+01 6.96e-01 6.54e-15 1.26e+01 1.28e+00 2.05e+01
 1.00e+00 1.0e+02 1.21e+00 4.47e-15 1.21e+01 2.31e+00 4.59e+01
 1.00e+00 2.0e+01 1.18e-02 9.34e-13 7.73e-01 2.65e-01 8.53e+01
 1.00e+00 3.0e+01 4.99e-01 2.81e-14 6.83e+00 1.54e+00 4.67e+01
 1.00e+00 4.0e+01 2.03e-02 9.24e-13 8.07e-01 4.90e-01 7.10e+01
 1.00e+00 5.0e+01 1.19e+00 1.68e-15 1.26e+01 1.66e+00 1.98e+01
 1.00e+00 6.0e+01 3.02e-01 9.11e-14 4.07e+00 2.00e+00 8.28e+01
 1.00e+00 7.0e+01 1.41e+00 7.26e-16 1.38e+01 2.13e+00 1.94e+01
 1.00e+00 8.0e+01 3.58e-01 8.85e-14 4.43e+00 2.49e+00 1.09e+02
 1.00e+00 9.0e+01 1.30e+00 1.11e-15 1.30e+01 1.84e+00 2.19e+01

 symmetry_DG: face_sigma_DG: L2(u) L2(div(u)) H1-semi(u) L2(p) H1-semi(p)