 0.00e+00 1.0e+01 6.75e-01 1.53e-15 1.15e+01 1.67e+00 1.55e+01
 0.00e+00 1.0e+02 4.02e-01 9.82e-15 4.73e+00 2.84e+00 1.57e+01
 0.00e+00 2.0e+01 1.25e+00 5.02e-16 1.39e+01 1.82e+00 1.75e+01
 0.00e+00 3.0e+01 8.99e-01 2.02e-15 1.07e+01 1.47e+00 1.56e+01
 0.00e+00 4.0e+01 5.47e-01 4.15e-15 7.04e+00 1.73e+00 1.57e+01
 0.00e+00 5.0e+01 1.19e+00 6.60e-16 1.26e+01 1.81e+00 1.55e+01
 0.00e+00 6.0e+01 1.23e+00 8.31e-16 1.27e+01 1.83e+00 1.55e+01
 0.00e+00 7.0e+01 6.99e-01 3.63e-15 7.88e+00 2.41e+00 1.57e+01
 0.00e+00 8.0e+01 1.15e+00 1.06e-15 1.18e+01 1.94e+00 1.56e+01
 0.00e+00 9.0e+01 7.71e-01 3.44e-15 8.31e+00 2.77e+00 1.57e+01
 0.00e+00 1.0e+01 6.75e-01 6.29e-15 1.15e+01 1.37e+00 1.76e+01
 0.00e+00 1.0e+02 1.20e+00 4.76e-15 1.20e+01 2.41e+00 5.22e+01
 0.00e+00 2.0e+01 1.06e-02 9.36e-13 7.67e-01 2.58e-01 4.75e+01
 0.00e+00 3.0e+01 4.75e-01 2.89e-14 6.68e+00 1.62e+00 5.52e+01
 0.00e+00 4.0e+01 1.94e-02 9.37e-13 8.03e-01 4.92e-01 8.85e+01
 0.00e+00 5.0e+01 1.19e+00 2.01e-15 1.26e+01 1.77e+00 2.20e+01
 0.00e+00 6.0e+01 2.94e-01 9.12e-14 4.02e+00 2.04e+00 1.20e+02
 0.00e+00 7.0e+01 1.41e+00 5.16e-16 1.38e+01 2.18e+00 1.95e+01
 0.00e+00 8.0e+01 3.52e-01 8.99e-14 4.39e+00 2.53e+00 1.51e+02
 0.00e+00 9.0e+01 1.30e+00 1.34e-15 1.30e+01 1.91e+00 2.35e+01
