 -1.00e+00 1.0e-04 1.13e+00 5.38e-15 1.21e+01 9.72e-01 1.56e+01
 -1.00e+00 1.0e-03 2.47e-01 8.65e-15 6.29e+00 4.98e-01 1.57e+01
 -1.00e+00 1.0e-02 2.38e-01 9.13e-15 6.23e+00 4.91e-01 1.57e+01
 -1.00e+00 1.0e-01 1.99e-01 1.15e-14 5.93e+00 4.63e-01 1.57e+01
 -1.00e+00 1.0e+00 1.79e-01 8.26e-15 5.48e+00 4.69e-01 1.57e+01
 -1.00e+00 1.0e+01 6.70e-01 2.13e-15 1.11e+01 1.79e+00 1.55e+01
 -1.00e+00 1.0e+02 3.97e-01 9.43e-15 4.69e+00 2.85e+00 1.57e+01
 -1.00e+00 1.0e+03 1.46e+00 3.65e-16 1.37e+01 1.97e+00 1.55e+01
 -1.00e+00 1.0e+04 1.49e+00 4.96e-16 1.37e+01 2.98e+00 1.56e+01
 -1.00e+00 1.0e+05 1.47e+00 6.66e-16 1.35e+01 3.18e+01 1.57e+01
 -1.00e+00 1.0e+06 1.48e+00 6.00e-16 1.36e+01 6.48e+01 1.57e+01
 -1.00e+00 1.0e+07 1.49e+00 4.69e-16 1.37e+01 6.54e+01 1.57e+01
 -1.00e+00 1.0e-05 3.26e+01 8.61e-15 5.15e+01 3.34e+00 1.75e+01
 -1.00e+00 1.0e-06 2.35e-03 4.83e-14 7.59e-01 6.30e-02 1.57e+01
 -1.00e+00 1.0e-07 3.26e+01 2.05e-15 5.15e+01 3.34e+00 1.75e+01
 -1.00e+00 1.0e-04 1.05e-02 3.13e-13 1.54e+00 3.17e-01 1.44e+02
 -1.00e+00 1.0e-03 4.98e-02 1.23e-13 3.13e+00 6.39e-01 1.43e+02
 -1.00e+00 1.0e-02 3.57e+00 2.24e-14 1.75e+01 2.07e+00 5.50e+01
 -1.00e+00 1.0e-01 2.53e-03 9.41e-13 7.29e-01 1.51e-01 1.39e+02
 -1.00e+00 1.0e+00 3.31e-03 9.51e-13 6.83e-01 1.36e-01 1.25e+02
 -1.00e+00 1.0e+01 6.70e-01 5.82e-15 1.11e+01 1.77e+00 2.76e+01
 -1.00e+00 1.0e+02 1.19e+00 4.69e-15 1.20e+01 2.53e+00 5.98e+01
 -1.00e+00 1.0e+03 1.33e+00 4.73e-15 1.24e+01 6.80e+00 2.66e+02
 -1.00e+00 1.0e+04 1.43e+00 5.29e-15 1.31e+01 1.56e+01 9.91e+02
 -1.00e+00 1.0e+05 1.48e+00 4.34e-16 1.38e+01 2.19e+00 2.63e+01
 -1.00e+00 1.0e+06 1.49e+00 7.49e-16 1.37e+01 3.34e+01 3.59e+03
 -1.00e+00 1.0e+07 1.49e+00 7.92e-16 1.37e+01 6.68e+01 1.30e+04
 -1.00e+00 1.0e-05 3.26e+01 7.89e-14 5.15e+01 5.33e+00 4.49e+01
 -1.00e+00 1.0e-06 1.13e+00 3.30e-14 1.21e+01 2.53e+00 1.41e+02
 -1.00e+00 1.0e-07 5.00e-02 1.21e-13 3.13e+00 6.40e-01 1.43e+02
