 -1.00e+00 1.0e+01 6.70e-01 2.13e-15 1.11e+01 1.79e+00 1.55e+01
 -1.00e+00 1.5e+01 1.19e+00 5.30e-16 1.38e+01 2.02e+00 1.75e+01
 -1.00e+00 2.0e+01 1.25e+00 6.95e-16 1.38e+01 1.97e+00 1.75e+01
 -1.00e+00 2.5e+01 4.49e-02 2.45e-14 1.58e+00 5.73e-01 1.57e+01
 -1.00e+00 3.0e+01 8.74e-01 2.50e-15 1.06e+01 1.54e+00 1.56e+01
 -1.00e+00 3.5e+01 1.64e-02 5.02e-14 7.92e-01 4.20e-01 1.57e+01
 -1.00e+00 5.0e+00 2.29e-03 5.24e-14 7.06e-01 8.32e-02 1.57e+01
 -1.00e+00 1.0e+01 6.70e-01 5.82e-15 1.11e+01 1.77e+00 2.76e+01
 -1.00e+00 1.5e+01 8.06e-01 4.48e-15 1.14e+01 1.77e+00 2.61e+01
 -1.00e+00 2.0e+01 9.60e-03 9.36e-13 7.63e-01 2.85e-01 1.45e+02
 -1.00e+00 2.5e+01 1.19e-02 9.35e-13 7.74e-01 3.41e-01 1.54e+02
 -1.00e+00 3.0e+01 4.53e-01 3.08e-14 6.55e+00 1.80e+00 1.03e+02
 -1.00e+00 3.5e+01 4.93e-01 2.87e-14 6.75e+00 1.94e+00 1.06e+02
 -1.00e+00 5.0e+00 8.94e-03 3.12e-13 1.41e+00 2.96e-01 1.21e+02
