 1.00e+00 1.0e-04 1.26e+00 5.63e-15 1.79e+01 1.22e+00 1.56e+01
 1.00e+00 1.0e-03 2.14e-01 8.85e-15 7.79e+00 5.37e-01 1.57e+01
 1.00e+00 1.0e-02 2.38e-01 7.97e-15 8.07e+00 5.41e-01 1.57e+01
 1.00e+00 1.0e-01 1.28e+00 7.15e-15 2.26e+01 9.34e-01 1.57e+01
 1.00e+00 1.0e+00 1.38e+00 1.05e-14 4.40e+01 2.64e+00 1.57e+01
 1.00e+00 1.0e+01 6.96e-01 2.45e-15 1.26e+01 1.58e+00 1.55e+01
 1.00e+00 1.0e+02 4.08e-01 9.21e-15 4.77e+00 2.82e+00 1.57e+01
 1.00e+00 1.0e+03 1.46e+00 3.86e-16 1.37e+01 1.96e+00 1.55e+01
 1.00e+00 1.0e+04 1.49e+00 4.90e-16 1.37e+01 2.98e+00 1.56e+01
 1.00e+00 1.0e+05 1.47e+00 6.45e-16 1.35e+01 3.18e+01 1.57e+01
 1.00e+00 1.0e+06 1.48e+00 6.13e-16 1.36e+01 6.48e+01 1.57e+01
 1.00e+00 1.0e+07 1.49e+00 4.70e-16 1.37e+01 6.54e+01 1.57e+01
 1.00e+00 1.0e-05 3.97e+01 6.59e-15 7.12e+01 1.87e+00 1.75e+01
 1.00e+00 1.0e-06 2.32e-03 4.87e-14 8.31e-01 6.37e-02 1.57e+01
 1.00e+00 1.0e-07 3.97e+01 1.28e-14 7.12e+01 1.87e+00 1.75e+01
 1.00e+00 1.0e-04 9.93e-03 3.11e-13 1.71e+00 3.58e-01 1.83e+02
 1.00e+00 1.0e-03 4.46e-02 1.21e-13 3.59e+00 7.47e-01 1.92e+02
 1.00e+00 1.0e-02 9.60e+01 4.03e-13 3.88e+02 7.39e+01 2.41e+03
 1.00e+00 1.0e-01 3.18e-03 9.55e-13 8.05e-01 1.66e-01 1.73e+02
 1.00e+00 1.0e+00 4.15e-02 9.28e-13 1.07e+01 1.59e+00 1.45e+03
 1.00e+00 1.0e+01 6.96e-01 6.54e-15 1.26e+01 1.28e+00 2.05e+01
 1.00e+00 1.0e+02 1.21e+00 4.47e-15 1.21e+01 2.31e+00 4.59e+01
 1.00e+00 1.0e+03 1.33e+00 4.49e-15 1.24e+01 6.75e+00 2.53e+02
 1.00e+00 1.0e+04 1.43e+00 4.95e-15 1.31e+01 1.56e+01 9.86e+02
 1.00e+00 1.0e+05 1.48e+00 4.49e-16 1.38e+01 2.19e+00 2.63e+01
 1.00e+00 1.0e+06 1.49e+00 7.37e-16 1.37e+01 3.34e+01 3.59e+03
 1.00e+00 1.0e+07 1.49e+00 7.96e-16 1.37e+01 6.68e+01 1.30e+04
 1.00e+00 1.0e-05 3.97e+01 8.58e-14 7.12e+01 6.39e+00 7.12e+01
 1.00e+00 1.0e-06 1.26e+00 2.30e-14 1.79e+01 3.92e+00 2.58e+02
 1.00e+00 1.0e-07 4.43e-02 1.14e-13 3.59e+00 7.46e-01 1.92e+02

 symmetry_DG: face_sigma_DG: L2(u) L2(div(u)) H1-semi(u) L2(p) H1-semi(p)