 -1.00e+00 1.0e+01 6.70e-01 2.13e-15 1.11e+01 1.79e+00 1.55e+01
 -1.00e+00 1.0e+02 3.97e-01 9.43e-15 4.69e+00 2.85e+00 1.57e+01
 -1.00e+00 2.0e+01 1.25e+00 6.95e-16 1.38e+01 1.97e+00 1.75e+01
 -1.00e+00 3.0e+01 8.74e-01 2.50e-15 1.06e+01 1.54e+00 1.56e+01
 -1.00e+00 4.0e+01 5.29e-01 4.55e-15 6.93e+00 1.77e+00 1.57e+01
 -1.00e+00 5.0e+01 1.19e+00 6.59e-16 1.25e+01 1.85e+00 1.55e+01
 -1.00e+00 6.0e+01 1.23e+00 6.27e-16 1.27e+01 1.86e+00 1.55e+01
 -1.00e+00 7.0e+01 6.88e-01 3.73e-15 7.80e+00 2.45e+00 1.57e+01
 -1.00e+00 8.0e+01 1.14e+00 1.01e-15 1.17e+01 1.98e+00 1.56e+01
 -1.00e+00 9.0e+01 7.62e-01 3.67e-15 8.25e+00 2.80e+00 1.57e+01
 -1.00e+00 1.0e+01 6.70e-01 5.82e-15 1.11e+01 1.77e+00 2.76e+01
 -1.00e+00 1.0e+02 1.19e+00 4.69e-15 1.20e+01 2.53e+00 5.98e+01
 -1.00e+00 2.0e+01 9.60e-03 9.36e-13 7.63e-01 2.85e-01 1.45e+02
 -1.00e+00 3.0e+01 4.53e-01 3.08e-14 6.55e+00 1.80e+00 1.03e+02
 -1.00e+00 4.0e+01 1.85e-02 9.47e-13 8.00e-01 5.11e-01 1.84e+02
 -1.00e+00 5.0e+01 1.19e+00 1.99e-15 1.25e+01 1.90e+00 2.50e+01
 -1.00e+00 6.0e+01 2.87e-01 9.40e-14 3.97e+00 2.11e+00 1.84e+02
 -1.00e+00 7.0e+01 1.41e+00 6.28e-16 1.38e+01 2.22e+00 1.96e+01
 -1.00e+00 8.0e+01 3.46e-01 9.07e-14 4.35e+00 2.59e+00 2.10e+02
 -1.00e+00 9.0e+01 1.30e+00 1.22e-15 1.30e+01 1.99e+00 2.53e+01
