 0.00e+00 1.0e+01 6.75e-01 1.53e-15 1.15e+01 1.67e+00 1.55e+01
 0.00e+00 1.5e+01 1.19e+00 5.03e-16 1.40e+01 1.84e+00 1.75e+01
 0.00e+00 2.0e+01 1.25e+00 5.02e-16 1.39e+01 1.82e+00 1.75e+01
 0.00e+00 2.5e+01 4.84e-02 2.37e-14 1.59e+00 5.71e-01 1.57e+01
 0.00e+00 3.0e+01 8.99e-01 2.02e-15 1.07e+01 1.47e+00 1.56e+01
 0.00e+00 3.5e+01 1.73e-02 4.84e-14 7.95e-01 4.20e-01 1.57e+01
 0.00e+00 5.0e+00 2.63e-03 5.19e-14 7.09e-01 8.24e-02 1.57e+01
 0.00e+00 1.0e+01 6.75e-01 6.29e-15 1.15e+01 1.37e+00 1.76e+01
 0.00e+00 1.5e+01 8.13e-01 5.35e-15 1.17e+01 1.44e+00 1.85e+01
 0.00e+00 2.0e+01 1.06e-02 9.36e-13 7.67e-01 2.58e-01 4.75e+01
 0.00e+00 2.5e+01 1.29e-02 9.40e-13 7.77e-01 3.16e-01 5.71e+01
 0.00e+00 3.0e+01 4.75e-01 2.89e-14 6.68e+00 1.62e+00 5.52e+01
 0.00e+00 3.5e+01 5.13e-01 2.74e-14 6.86e+00 1.77e+00 6.08e+01
 0.00e+00 5.0e+00 1.03e-02 3.09e-13 1.42e+00 1.84e-01 2.71e+01
