 1.00e+00 1.0e+01 6.96e-01 2.45e-15 1.26e+01 1.58e+00 1.55e+01
 1.00e+00 1.5e+01 1.19e+00 5.21e-16 1.43e+01 1.67e+00 1.75e+01
 1.00e+00 2.0e+01 1.25e+00 6.44e-16 1.41e+01 1.69e+00 1.75e+01
 1.00e+00 2.5e+01 5.25e-02 2.43e-14 1.61e+00 5.69e-01 1.57e+01
 1.00e+00 3.0e+01 9.25e-01 2.04e-15 1.09e+01 1.41e+00 1.56e+01
 1.00e+00 3.5e+01 1.82e-02 5.31e-14 7.99e-01 4.19e-01 1.57e+01
 1.00e+00 5.0e+00 2.27e-01 5.01e-14 1.27e+02 7.86e+00 1.57e+01
 1.00e+00 1.0e+01 6.96e-01 6.54e-15 1.26e+01 1.28e+00 2.05e+01
 1.00e+00 1.5e+01 8.23e-01 4.44e-15 1.21e+01 1.27e+00 1.79e+01
 1.00e+00 2.0e+01 1.18e-02 9.34e-13 7.73e-01 2.65e-01 8.53e+01
 1.00e+00 2.5e+01 1.40e-02 9.43e-13 7.82e-01 3.20e-01 7.94e+01
 1.00e+00 3.0e+01 4.99e-01 2.81e-14 6.83e+00 1.54e+00 4.67e+01
 1.00e+00 3.5e+01 5.35e-01 2.66e-14 7.00e+00 1.69e+00 4.76e+01
 1.00e+00 5.0e+00 1.34e-01 3.12e-13 3.70e+01 4.28e+00 8.44e+02

 symmetry_DG: face_sigma_DG: L2(u) L2(div(u)) H1-semi(u) L2(p) H1-semi(p) 1.00e+00 1.0e+01 6.96e-01 2.45e-15 1.26e+01 1.58e+00 1.55e+01
 1.00e+00 1.5e+01 1.19e+00 5.21e-16 1.43e+01 1.67e+00 1.75e+01
 1.00e+00 2.0e+01 1.25e+00 6.44e-16 1.41e+01 1.69e+00 1.75e+01
 1.00e+00 2.5e+01 5.25e-02 2.43e-14 1.61e+00 5.69e-01 1.57e+01
 1.00e+00 3.0e+01 9.25e-01 2.04e-15 1.09e+01 1.41e+00 1.56e+01
 1.00e+00 3.5e+01 1.82e-02 5.31e-14 7.99e-01 4.19e-01 1.57e+01
 1.00e+00 5.0e+00 2.27e-01 5.01e-14 1.27e+02 7.86e+00 1.57e+01
 1.00e+00 1.0e+01 6.96e-01 6.54e-15 1.26e+01 1.28e+00 2.05e+01
 1.00e+00 1.5e+01 8.23e-01 4.44e-15 1.21e+01 1.27e+00 1.79e+01
 1.00e+00 2.0e+01 1.18e-02 9.34e-13 7.73e-01 2.65e-01 8.53e+01
 1.00e+00 2.5e+01 1.40e-02 9.43e-13 7.82e-01 3.20e-01 7.94e+01
 1.00e+00 3.0e+01 4.99e-01 2.81e-14 6.83e+00 1.54e+00 4.67e+01
 1.00e+00 3.5e+01 5.35e-01 2.66e-14 7.00e+00 1.69e+00 4.76e+01
 1.00e+00 5.0e+00 1.34e-01 3.12e-13 3.70e+01 4.28e+00 8.44e+02
 1.00e+00 1.0e+01 6.96e-01 2.45e-15 1.26e+01 1.58e+00 1.55e+01
 1.00e+00 1.5e+01 1.19e+00 5.21e-16 1.43e+01 1.67e+00 1.75e+01
 1.00e+00 2.0e+01 1.25e+00 6.44e-16 1.41e+01 1.69e+00 1.75e+01
 1.00e+00 2.5e+01 5.25e-02 2.43e-14 1.61e+00 5.69e-01 1.57e+01
 1.00e+00 3.0e+01 9.25e-01 2.04e-15 1.09e+01 1.41e+00 1.56e+01
 1.00e+00 3.5e+01 1.82e-02 5.31e-14 7.99e-01 4.19e-01 1.57e+01
 1.00e+00 5.0e+00 2.27e-01 5.01e-14 1.27e+02 7.86e+00 1.57e+01
 1.00e+00 1.0e+01 6.96e-01 6.54e-15 1.26e+01 1.28e+00 2.05e+01
 1.00e+00 1.5e+01 8.23e-01 4.44e-15 1.21e+01 1.27e+00 1.79e+01
 1.00e+00 2.0e+01 1.18e-02 9.34e-13 7.73e-01 2.65e-01 8.53e+01
 1.00e+00 2.5e+01 1.40e-02 9.43e-13 7.82e-01 3.20e-01 7.94e+01
 1.00e+00 3.0e+01 4.99e-01 2.81e-14 6.83e+00 1.54e+00 4.67e+01
 1.00e+00 3.5e+01 5.35e-01 2.66e-14 7.00e+00 1.69e+00 4.76e+01
 1.00e+00 5.0e+00 1.34e-01 3.12e-13 3.70e+01 4.28e+00 8.44e+02
